$ 1 0.000005 4.43302224444953 12 5 43
r 144 176 208 176 0 50
r 448 176 512 176 0 50
r 224 304 272 304 0 1000
g 224 304 176 304 0
g 480 304 512 304 0
c 208 176 224 304 0 1e-12 -4.434642934909099
l 208 176 272 176 0 0.001 0.00805349586122392
l 448 176 400 176 0 0.001 -1.0137403712296901e-7
c 448 176 480 304 0 1e-12 -5.4798074055591
c 336 176 352 240 0 1e-7 -2.7412543091291908
c 352 240 352 304 0 1e-7 -2.7412543091295265
w 272 176 336 176 0
w 336 176 400 176 0
w 272 304 352 304 0
w 352 304 480 304 0
170 144 176 96 176 0 1000 24999.999999999996 5 0.1
p 512 176 480 304 1 0
o 16 64 0 4098 20 0.1 0 1
